{"asset":{"generator":"3D Builder","version":"2.0"},"scene":0,"scenes":[{"nodes":[0,1,2,3,4,5,6,7,8,9,10,11,12,13,14,15,16,17,18,19,20,21,22,23,24,25,26,27,28,29,30,31,32,33,34,35,36,37,38,39,40,41,42,43,44,45,46,47,48]}],"nodes":[{"mesh":0,"matrix":[-0.65919697284698486,-1.7298611965088639E-7,0.75197041034698486,0,0.75197046995162964,-2.0421882140908565E-7,0.65919697284698486,0,3.953484650764949E-8,0.99999988079071045,2.6470101488484943E-7,0,-4.754204837809084E-6,-2.3842625296310871E-7,2.9370319680310786E-5,1]},{"mesh":1,"matrix":[-0.65919697284698486,-1.7298611965088639E-7,0.75197041034698486,0,0.75197046995162964,-2.0421882140908565E-7,0.65919697284698486,0,3.953484650764949E-8,0.99999988079071045,2.6470101488484943E-7,0,-4.754204837809084E-6,-2.3842625296310871E-7,2.9370319680310786E-5,1]},{"mesh":2,"matrix":[-0.65919697284698486,-1.7298611965088639E-7,0.75197041034698486,0,0.75197046995162964,-2.0421882140908565E-7,0.65919697284698486,0,3.953484650764949E-8,0.99999988079071045,2.6470101488484943E-7,0,-4.754204837809084E-6,-2.3842625296310871E-7,2.9370319680310786E-5,1]},{"mesh":3,"matrix":[-0.65919697284698486,-1.7298611965088639E-7,0.75197041034698486,0,0.75197046995162964,-2.0421882140908565E-7,0.65919697284698486,0,3.953484650764949E-8,0.99999988079071045,2.6470101488484943E-7,0,-4.754204837809084E-6,-2.3842625296310871E-7,2.9370319680310786E-5,1]},{"mesh":4,"matrix":[-0.65919697284698486,-1.7298611965088639E-7,0.75197041034698486,0,0.75197046995162964,-2.0421882140908565E-7,0.65919697284698486,0,3.953484650764949E-8,0.99999988079071045,2.6470101488484943E-7,0,-4.754204837809084E-6,-2.3842625296310871E-7,2.9370319680310786E-5,1]},{"mesh":5,"matrix":[-0.65919697284698486,-1.7298611965088639E-7,0.75197041034698486,0,0.75197046995162964,-2.0421882140908565E-7,0.65919697284698486,0,3.953484650764949E-8,0.99999988079071045,2.6470101488484943E-7,0,-4.754204837809084E-6,-2.3842625296310871E-7,2.9370319680310786E-5,1]},{"mesh":6,"matrix":[-0.65919697284698486,-1.7298611965088639E-7,0.75197041034698486,0,0.75197046995162964,-2.0421882140908565E-7,0.65919697284698486,0,3.953484650764949E-8,0.99999988079071045,2.6470101488484943E-7,0,-4.754204837809084E-6,-2.3842625296310871E-7,2.9370319680310786E-5,1]},{"mesh":7,"matrix":[-0.65919697284698486,-1.7298611965088639E-7,0.75197041034698486,0,0.75197046995162964,-2.0421882140908565E-7,0.65919697284698486,0,3.953484650764949E-8,0.99999988079071045,2.6470101488484943E-7,0,-4.754204837809084E-6,-2.3842625296310871E-7,2.9370319680310786E-5,1]},{"mesh":8,"matrix":[-0.65919697284698486,-1.7298611965088639E-7,0.75197041034698486,0,0.75197046995162964,-2.0421882140908565E-7,0.65919697284698486,0,3.953484650764949E-8,0.99999988079071045,2.6470101488484943E-7,0,-4.754204837809084E-6,-2.3842625296310871E-7,2.9370319680310786E-5,1]},{"mesh":9,"matrix":[-0.65919697284698486,-1.7298611965088639E-7,0.75197041034698486,0,0.75197046995162964,-2.0421882140908565E-7,0.65919697284698486,0,3.953484650764949E-8,0.99999988079071045,2.6470101488484943E-7,0,-4.754204837809084E-6,-2.3842625296310871E-7,2.9370319680310786E-5,1]},{"mesh":10,"matrix":[-0.65919697284698486,-1.7298611965088639E-7,0.75197041034698486,0,0.75197046995162964,-2.0421882140908565E-7,0.65919697284698486,0,3.953484650764949E-8,0.99999988079071045,2.6470101488484943E-7,0,-4.754204837809084E-6,-2.3842625296310871E-7,2.9370319680310786E-5,1]},{"mesh":11,"matrix":[-0.65919697284698486,-1.7298611965088639E-7,0.75197041034698486,0,0.75197046995162964,-2.0421882140908565E-7,0.65919697284698486,0,3.953484650764949E-8,0.99999988079071045,2.6470101488484943E-7,0,-4.754204837809084E-6,-2.3842625296310871E-7,2.9370319680310786E-5,1]},{"mesh":12,"matrix":[-0.65919697284698486,-1.7298611965088639E-7,0.75197041034698486,0,0.75197046995162964,-2.0421882140908565E-7,0.65919697284698486,0,3.953484650764949E-8,0.99999988079071045,2.6470101488484943E-7,0,-4.754204837809084E-6,-2.3842625296310871E-7,2.9370319680310786E-5,1]},{"mesh":13,"matrix":[-0.65919697284698486,-1.7298611965088639E-7,0.75197041034698486,0,0.75197046995162964,-2.0421882140908565E-7,0.65919697284698486,0,3.953484650764949E-8,0.99999988079071045,2.6470101488484943E-7,0,-4.754204837809084E-6,-2.3842625296310871E-7,2.9370319680310786E-5,1]},{"mesh":14,"matrix":[-0.65919697284698486,-1.7298611965088639E-7,0.75197041034698486,0,0.75197046995162964,-2.0421882140908565E-7,0.65919697284698486,0,3.953484650764949E-8,0.99999988079071045,2.6470101488484943E-7,0,-4.754204837809084E-6,-2.3842625296310871E-7,2.9370319680310786E-5,1]},{"mesh":15,"matrix":[-0.65919697284698486,-1.7298611965088639E-7,0.75197041034698486,0,0.75197046995162964,-2.0421882140908565E-7,0.65919697284698486,0,3.953484650764949E-8,0.99999988079071045,2.6470101488484943E-7,0,-4.754204837809084E-6,-2.3842625296310871E-7,2.9370319680310786E-5,1]},{"mesh":16,"matrix":[-0.65919697284698486,-1.7298611965088639E-7,0.75197041034698486,0,0.75197046995162964,-2.0421882140908565E-7,0.65919697284698486,0,3.953484650764949E-8,0.99999988079071045,2.6470101488484943E-7,0,-4.754204837809084E-6,-2.3842625296310871E-7,2.9370319680310786E-5,1]},{"mesh":17,"matrix":[-0.65919697284698486,-1.7298611965088639E-7,0.75197041034698486,0,0.75197046995162964,-2.0421882140908565E-7,0.65919697284698486,0,3.953484650764949E-8,0.99999988079071045,2.6470101488484943E-7,0,-4.754204837809084E-6,-2.3842625296310871E-7,2.9370319680310786E-5,1]},{"mesh":18,"matrix":[-0.65919697284698486,-1.7298611965088639E-7,0.75197041034698486,0,0.75197046995162964,-2.0421882140908565E-7,0.65919697284698486,0,3.953484650764949E-8,0.99999988079071045,2.6470101488484943E-7,0,-4.754204837809084E-6,-2.3842625296310871E-7,2.9370319680310786E-5,1]},{"mesh":19,"matrix":[-0.65919697284698486,-1.7298611965088639E-7,0.75197041034698486,0,0.75197046995162964,-2.0421882140908565E-7,0.65919697284698486,0,3.953484650764949E-8,0.99999988079071045,2.6470101488484943E-7,0,-4.754204837809084E-6,-2.3842625296310871E-7,2.9370319680310786E-5,1]},{"mesh":20,"matrix":[-0.65919697284698486,-1.7298611965088639E-7,0.75197041034698486,0,0.75197046995162964,-2.0421882140908565E-7,0.65919697284698486,0,3.953484650764949E-8,0.99999988079071045,2.6470101488484943E-7,0,-4.754204837809084E-6,-2.3842625296310871E-7,2.9370319680310786E-5,1]},{"mesh":21,"matrix":[-0.65919697284698486,-1.7298611965088639E-7,0.75197041034698486,0,0.75197046995162964,-2.0421882140908565E-7,0.65919697284698486,0,3.953484650764949E-8,0.99999988079071045,2.6470101488484943E-7,0,-4.754204837809084E-6,-2.3842625296310871E-7,2.9370319680310786E-5,1]},{"mesh":22,"matrix":[-0.65919697284698486,-1.7298611965088639E-7,0.75197041034698486,0,0.75197046995162964,-2.0421882140908565E-7,0.65919697284698486,0,3.953484650764949E-8,0.99999988079071045,2.6470101488484943E-7,0,-4.754204837809084E-6,-2.3842625296310871E-7,2.9370319680310786E-5,1]},{"mesh":23,"matrix":[-0.65919697284698486,-1.7298611965088639E-7,0.75197041034698486,0,0.75197046995162964,-2.0421882140908565E-7,0.65919697284698486,0,3.953484650764949E-8,0.99999988079071045,2.6470101488484943E-7,0,-4.754204837809084E-6,-2.3842625296310871E-7,2.9370319680310786E-5,1]},{"mesh":24,"matrix":[-0.65919697284698486,-1.7298611965088639E-7,0.75197041034698486,0,0.75197046995162964,-2.0421882140908565E-7,0.65919697284698486,0,3.953484650764949E-8,0.99999988079071045,2.6470101488484943E-7,0,-4.754204837809084E-6,-2.3842625296310871E-7,2.9370319680310786E-5,1]},{"mesh":25,"matrix":[-0.65919697284698486,-1.7298611965088639E-7,0.75197041034698486,0,0.75197046995162964,-2.0421882140908565E-7,0.65919697284698486,0,3.953484650764949E-8,0.99999988079071045,2.6470101488484943E-7,0,-4.754204837809084E-6,-2.3842625296310871E-7,2.9370319680310786E-5,1]},{"mesh":26,"matrix":[-0.65919697284698486,-1.7298611965088639E-7,0.75197041034698486,0,0.75197046995162964,-2.0421882140908565E-7,0.65919697284698486,0,3.953484650764949E-8,0.99999988079071045,2.6470101488484943E-7,0,-4.754204837809084E-6,-2.3842625296310871E-7,2.9370319680310786E-5,1]},{"mesh":27,"matrix":[-0.65919697284698486,-1.7298611965088639E-7,0.75197041034698486,0,0.75197046995162964,-2.0421882140908565E-7,0.65919697284698486,0,3.953484650764949E-8,0.99999988079071045,2.6470101488484943E-7,0,-4.754204837809084E-6,-2.3842625296310871E-7,2.9370319680310786E-5,1]},{"mesh":28,"matrix":[-0.65919697284698486,-1.7298611965088639E-7,0.75197041034698486,0,0.75197046995162964,-2.0421882140908565E-7,0.65919697284698486,0,3.953484650764949E-8,0.99999988079071045,2.6470101488484943E-7,0,-4.754204837809084E-6,-2.3842625296310871E-7,2.9370319680310786E-5,1]},{"mesh":29,"matrix":[-0.65919697284698486,-1.7298611965088639E-7,0.75197041034698486,0,0.75197046995162964,-2.0421882140908565E-7,0.65919697284698486,0,3.953484650764949E-8,0.99999988079071045,2.6470101488484943E-7,0,-4.754204837809084E-6,-2.3842625296310871E-7,2.9370319680310786E-5,1]},{"mesh":30,"matrix":[-0.65919697284698486,-1.7298611965088639E-7,0.75197041034698486,0,0.75197046995162964,-2.0421882140908565E-7,0.65919697284698486,0,3.953484650764949E-8,0.99999988079071045,2.6470101488484943E-7,0,-4.754204837809084E-6,-2.3842625296310871E-7,2.9370319680310786E-5,1]},{"mesh":31,"matrix":[-0.65919697284698486,-1.7298611965088639E-7,0.75197041034698486,0,0.75197046995162964,-2.0421882140908565E-7,0.65919697284698486,0,3.953484650764949E-8,0.99999988079071045,2.6470101488484943E-7,0,-4.754204837809084E-6,-2.3842625296310871E-7,2.9370319680310786E-5,1]},{"mesh":32,"matrix":[-0.65919697284698486,-1.7298611965088639E-7,0.75197041034698486,0,0.75197046995162964,-2.0421882140908565E-7,0.65919697284698486,0,3.953484650764949E-8,0.99999988079071045,2.6470101488484943E-7,0,-4.754204837809084E-6,-2.3842625296310871E-7,2.9370319680310786E-5,1]},{"mesh":33,"matrix":[-0.65919697284698486,-1.7298611965088639E-7,0.75197041034698486,0,0.75197046995162964,-2.0421882140908565E-7,0.65919697284698486,0,3.953484650764949E-8,0.99999988079071045,2.6470101488484943E-7,0,-4.754204837809084E-6,-2.3842625296310871E-7,2.9370319680310786E-5,1]},{"mesh":34,"matrix":[-0.65919697284698486,-1.7298611965088639E-7,0.75197041034698486,0,0.75197046995162964,-2.0421882140908565E-7,0.65919697284698486,0,3.953484650764949E-8,0.99999988079071045,2.6470101488484943E-7,0,-4.754204837809084E-6,-2.3842625296310871E-7,2.9370319680310786E-5,1]},{"mesh":35,"matrix":[-0.65919697284698486,-1.7298611965088639E-7,0.75197041034698486,0,0.75197046995162964,-2.0421882140908565E-7,0.65919697284698486,0,3.953484650764949E-8,0.99999988079071045,2.6470101488484943E-7,0,-4.754204837809084E-6,-2.3842625296310871E-7,2.9370319680310786E-5,1]},{"mesh":36,"matrix":[-0.65919697284698486,-1.7298611965088639E-7,0.75197041034698486,0,0.75197046995162964,-2.0421882140908565E-7,0.65919697284698486,0,3.953484650764949E-8,0.99999988079071045,2.6470101488484943E-7,0,-4.754204837809084E-6,-2.3842625296310871E-7,2.9370319680310786E-5,1]},{"mesh":37,"matrix":[-0.65919697284698486,-1.7298611965088639E-7,0.75197041034698486,0,0.75197046995162964,-2.0421882140908565E-7,0.65919697284698486,0,3.953484650764949E-8,0.99999988079071045,2.6470101488484943E-7,0,-4.754204837809084E-6,-2.3842625296310871E-7,2.9370319680310786E-5,1]},{"mesh":38,"matrix":[-0.65919697284698486,-1.7298611965088639E-7,0.75197041034698486,0,0.75197046995162964,-2.0421882140908565E-7,0.65919697284698486,0,3.953484650764949E-8,0.99999988079071045,2.6470101488484943E-7,0,-4.754204837809084E-6,-2.3842625296310871E-7,2.9370319680310786E-5,1]},{"mesh":39,"matrix":[-0.65919697284698486,-1.7298611965088639E-7,0.75197041034698486,0,0.75197046995162964,-2.0421882140908565E-7,0.65919697284698486,0,3.953484650764949E-8,0.99999988079071045,2.6470101488484943E-7,0,-4.754204837809084E-6,-2.3842625296310871E-7,2.9370319680310786E-5,1]},{"mesh":40,"matrix":[-0.65919697284698486,-1.7298611965088639E-7,0.75197041034698486,0,0.75197046995162964,-2.0421882140908565E-7,0.65919697284698486,0,3.953484650764949E-8,0.99999988079071045,2.6470101488484943E-7,0,-4.754204837809084E-6,-2.3842625296310871E-7,2.9370319680310786E-5,1]},{"mesh":41,"matrix":[-0.65919697284698486,-1.7298611965088639E-7,0.75197041034698486,0,0.75197046995162964,-2.0421882140908565E-7,0.65919697284698486,0,3.953484650764949E-8,0.99999988079071045,2.6470101488484943E-7,0,-4.754204837809084E-6,-2.3842625296310871E-7,2.9370319680310786E-5,1]},{"mesh":42,"matrix":[-0.65919697284698486,-1.7298611965088639E-7,0.75197041034698486,0,0.75197046995162964,-2.0421882140908565E-7,0.65919697284698486,0,3.953484650764949E-8,0.99999988079071045,2.6470101488484943E-7,0,-4.754204837809084E-6,-2.3842625296310871E-7,2.9370319680310786E-5,1]},{"mesh":43,"matrix":[-0.65919697284698486,-1.7298611965088639E-7,0.75197041034698486,0,0.75197046995162964,-2.0421882140908565E-7,0.65919697284698486,0,3.953484650764949E-8,0.99999988079071045,2.6470101488484943E-7,0,-4.754204837809084E-6,-2.3842625296310871E-7,2.9370319680310786E-5,1]},{"mesh":44,"matrix":[-0.65919697284698486,-1.7298611965088639E-7,0.75197041034698486,0,0.75197046995162964,-2.0421882140908565E-7,0.65919697284698486,0,3.953484650764949E-8,0.99999988079071045,2.6470101488484943E-7,0,-4.754204837809084E-6,-2.3842625296310871E-7,2.9370319680310786E-5,1]},{"mesh":45,"matrix":[-0.65919697284698486,-1.7298611965088639E-7,0.75197041034698486,0,0.75197046995162964,-2.0421882140908565E-7,0.65919697284698486,0,3.953484650764949E-8,0.99999988079071045,2.6470101488484943E-7,0,-4.754204837809084E-6,-2.3842625296310871E-7,2.9370319680310786E-5,1]},{"mesh":46,"matrix":[-0.65919697284698486,-1.7298611965088639E-7,0.75197041034698486,0,0.75197046995162964,-2.0421882140908565E-7,0.65919697284698486,0,3.953484650764949E-8,0.99999988079071045,2.6470101488484943E-7,0,-4.754204837809084E-6,-2.3842625296310871E-7,2.9370319680310786E-5,1]},{"mesh":47,"matrix":[-0.65919697284698486,-1.7298611965088639E-7,0.75197041034698486,0,0.75197046995162964,-2.0421882140908565E-7,0.65919697284698486,0,3.953484650764949E-8,0.99999988079071045,2.6470101488484943E-7,0,-4.754204837809084E-6,-2.3842625296310871E-7,2.9370319680310786E-5,1]},{"mesh":48,"matrix":[-0.65919697284698486,-1.7298611965088639E-7,0.75197041034698486,0,0.75197046995162964,-2.0421882140908565E-7,0.65919697284698486,0,3.953484650764949E-8,0.99999988079071045,2.6470101488484943E-7,0,-4.754204837809084E-6,-2.3842625296310871E-7,2.9370319680310786E-5,1]}],"meshes":[{"primitives":[{"attributes":{"POSITION":0},"mode":4,"indices":1}]},{"primitives":[{"attributes":{"POSITION":2},"mode":4,"indices":3}]},{"primitives":[{"attributes":{"POSITION":4},"mode":4,"indices":5}]},{"primitives":[{"attributes":{"POSITION":6},"mode":4,"indices":7}]},{"primitives":[{"attributes":{"POSITION":8},"mode":4,"indices":9}]},{"primitives":[{"attributes":{"POSITION":10},"mode":4,"indices":11}]},{"primitives":[{"attributes":{"POSITION":12},"mode":4,"indices":13}]},{"primitives":[{"attributes":{"POSITION":14},"mode":4,"indices":15}]},{"primitives":[{"attributes":{"POSITION":16},"mode":4,"indices":17}]},{"primitives":[{"attributes":{"POSITION":18},"mode":4,"indices":19}]},{"primitives":[{"attributes":{"POSITION":20},"mode":4,"indices":21}]},{"primitives":[{"attributes":{"POSITION":22},"mode":4,"indices":23}]},{"primitives":[{"attributes":{"POSITION":24},"mode":4,"indices":25}]},{"primitives":[{"attributes":{"POSITION":26},"mode":4,"indices":27}]},{"primitives":[{"attributes":{"POSITION":28},"mode":4,"indices":29}]},{"primitives":[{"attributes":{"POSITION":30},"mode":4,"indices":31}]},{"primitives":[{"attributes":{"POSITION":32},"mode":4,"indices":33}]},{"primitives":[{"attributes":{"POSITION":34},"mode":4,"indices":35}]},{"primitives":[{"attributes":{"POSITION":36},"mode":4,"indices":37}]},{"primitives":[{"attributes":{"POSITION":38},"mode":4,"indices":39}]},{"primitives":[{"attributes":{"POSITION":40},"mode":4,"indices":41}]},{"primitives":[{"attributes":{"POSITION":42},"mode":4,"indices":43}]},{"primitives":[{"attributes":{"POSITION":44},"mode":4,"indices":45}]},{"primitives":[{"attributes":{"POSITION":46},"mode":4,"indices":47}]},{"primitives":[{"attributes":{"POSITION":48},"mode":4,"indices":49}]},{"primitives":[{"attributes":{"POSITION":50},"mode":4,"indices":51}]},{"primitives":[{"attributes":{"POSITION":52},"mode":4,"indices":53}]},{"primitives":[{"attributes":{"POSITION":54},"mode":4,"indices":55}]},{"primitives":[{"attributes":{"POSITION":56},"mode":4,"indices":57}]},{"primitives":[{"attributes":{"POSITION":58},"mode":4,"indices":59}]},{"primitives":[{"attributes":{"POSITION":60},"mode":4,"indices":61}]},{"primitives":[{"attributes":{"POSITION":62,"TEXCOORD_0":63},"mode":4,"indices":64,"material":0}]},{"primitives":[{"attributes":{"POSITION":65,"TEXCOORD_0":66},"mode":4,"indices":67,"material":0}]},{"primitives":[{"attributes":{"POSITION":68,"TEXCOORD_0":69},"mode":4,"indices":70,"material":0}]},{"primitives":[{"attributes":{"POSITION":71,"TEXCOORD_0":72},"mode":4,"indices":73,"material":0}]},{"primitives":[{"attributes":{"POSITION":74,"TEXCOORD_0":75},"mode":4,"indices":76,"material":0}]},{"primitives":[{"attributes":{"POSITION":77,"TEXCOORD_0":78},"mode":4,"indices":79,"material":0}]},{"primitives":[{"attributes":{"POSITION":80,"TEXCOORD_0":81},"mode":4,"indices":82,"material":0}]},{"primitives":[{"attributes":{"POSITION":83,"TEXCOORD_0":84},"mode":4,"indices":85,"material":0}]},{"primitives":[{"attributes":{"POSITION":86,"TEXCOORD_0":87},"mode":4,"indices":88,"material":0}]},{"primitives":[{"attributes":{"POSITION":89,"TEXCOORD_0":90},"mode":4,"indices":91,"material":0}]},{"primitives":[{"attributes":{"POSITION":92,"TEXCOORD_0":93},"mode":4,"indices":94,"material":0}]},{"primitives":[{"attributes":{"POSITION":95,"TEXCOORD_0":96},"mode":4,"indices":97,"material":0}]},{"primitives":[{"attributes":{"POSITION":98},"mode":4,"indices":99}]},{"primitives":[{"attributes":{"POSITION":100},"mode":4,"indices":101}]},{"primitives":[{"attributes":{"POSITION":102},"mode":4,"indices":103}]},{"primitives":[{"attributes":{"POSITION":104},"mode":4,"indices":105}]},{"primitives":[{"attributes":{"POSITION":106},"mode":4,"indices":107}]},{"primitives":[{"attributes":{"POSITION":108},"mode":4,"indices":109}]}],"accessors":[{"bufferView":0,"byteOffset":0,"count":328,"componentType":5126,"type":"VEC3","min":[0.87038666009902954,-0.41745471954345703,0.66807174682617188],"max":[1.2741894721984863,0.072044849395751953,0.69101530313491821]},{"bufferView":1,"byteOffset":0,"count":1956,"componentType":5125,"type":"SCALAR"},{"bufferView":2,"byteOffset":0,"count":246,"componentType":5126,"type":"VEC3","min":[1.0605186223983765,-0.2002023458480835,1.5048751831054687],"max":[1.2579886913299561,0.0206143856048584,1.6443625688552856]},{"bufferView":3,"byteOffset":0,"count":1464,"componentType":5125,"type":"SCALAR"},{"bufferView":4,"byteOffset":0,"count":66,"componentType":5126,"type":"VEC3","min":[0.058486342430114746,0.49141776561737061,0.06976008415222168],"max":[0.17751240730285645,0.63312017917633057,0.21722197532653809]},{"bufferView":5,"byteOffset":0,"count":384,"componentType":5125,"type":"SCALAR"},{"bufferView":6,"byteOffset":0,"count":66,"componentType":5126,"type":"VEC3","min":[-0.15824854373931885,0.618526816368103,0.0721656084060669],"max":[0.074651598930358887,0.90089833736419678,0.37563323974609375]},{"bufferView":7,"byteOffset":0,"count":384,"componentType":5125,"type":"SCALAR"},{"bufferView":8,"byteOffset":0,"count":1986,"componentType":5126,"type":"VEC3","min":[1.064650297164917,-0.15818488597869873,1.3813015222549438],"max":[1.1562254428863525,-0.053095340728759766,1.4855952262878418]},{"bufferView":9,"byteOffset":0,"count":11904,"componentType":5125,"type":"SCALAR"},{"bufferView":10,"byteOffset":0,"count":3608,"componentType":5126,"type":"VEC3","min":[0.96796762943267822,-0.26286047697067261,1.4439332485198975],"max":[1.2423197031021118,0.056179523468017578,1.7551114559173584]},{"bufferView":11,"byteOffset":0,"count":21636,"componentType":5125,"type":"SCALAR"},{"bufferView":12,"byteOffset":0,"count":2706,"componentType":5126,"type":"VEC3","min":[-0.0049307346343994141,-0.051292181015014648,0.81314420700073242],"max":[0.13268041610717773,0.12201964855194092,1.0420057773590088]},{"bufferView":13,"byteOffset":0,"count":16224,"componentType":5125,"type":"SCALAR"},{"bufferView":14,"byteOffset":0,"count":3608,"componentType":5126,"type":"VEC3","min":[-0.28906428813934326,0.33208858966827393,0.016740798950195313],"max":[0.21600329875946045,0.93663108348846436,0.57912397384643555]},{"bufferView":15,"byteOffset":0,"count":21636,"componentType":5125,"type":"SCALAR"},{"bufferView":16,"byteOffset":0,"count":3096,"componentType":5126,"type":"VEC3","min":[-0.22996687889099121,0.39808785915374756,0.069933295249938965],"max":[0.18766582012176514,0.89533650875091553,0.52567952871322632]},{"bufferView":17,"byteOffset":0,"count":18564,"componentType":5125,"type":"SCALAR"},{"bufferView":18,"byteOffset":0,"count":328,"componentType":5126,"type":"VEC3","min":[0.87067586183547974,-0.41592466831207275,0.60494214296340942],"max":[1.2744786739349365,0.07357490062713623,0.62788569927215576]},{"bufferView":19,"byteOffset":0,"count":1956,"componentType":5125,"type":"SCALAR"},{"bufferView":20,"byteOffset":0,"count":2176,"componentType":5126,"type":"VEC3","min":[0.80963122844696045,-0.587731659412384,0.51875156164169312],"max":[1.4115619659423828,0.14428532123565674,0.76875144243240356]},{"bufferView":21,"byteOffset":0,"count":13044,"componentType":5125,"type":"SCALAR"},{"bufferView":22,"byteOffset":0,"count":328,"componentType":5126,"type":"VEC3","min":[0.86715984344482422,-0.40615332126617432,1.0254215002059937],"max":[1.2709627151489258,0.083346247673034668,1.0483651161193848]},{"bufferView":23,"byteOffset":0,"count":1956,"componentType":5125,"type":"SCALAR"},{"bufferView":24,"byteOffset":0,"count":328,"componentType":5126,"type":"VEC3","min":[0.86762923002243042,-0.404477596282959,0.96228480339050293],"max":[1.2714320421218872,0.08502197265625,0.98522835969924927]},{"bufferView":25,"byteOffset":0,"count":1956,"componentType":5125,"type":"SCALAR"},{"bufferView":26,"byteOffset":0,"count":2176,"componentType":5126,"type":"VEC3","min":[0.80658459663391113,-0.57628446817398071,0.87609416246414185],"max":[1.4085153341293335,0.15573239326477051,1.1260941028594971]},{"bufferView":27,"byteOffset":0,"count":13044,"componentType":5125,"type":"SCALAR"},{"bufferView":28,"byteOffset":0,"count":3608,"componentType":5126,"type":"VEC3","min":[0.66352075338363647,-0.68518692255020142,0.36958348751068115],"max":[1.4092304706573486,0.20382130146026611,1.1948310136795044]},{"bufferView":29,"byteOffset":0,"count":21636,"componentType":5125,"type":"SCALAR"},{"bufferView":30,"byteOffset":0,"count":2472,"componentType":5126,"type":"VEC3","min":[0.53190898895263672,-0.28893733024597168,1.9751852750778198],"max":[0.96656620502471924,0.228598952293396,2.1728024482727051]},{"bufferView":31,"byteOffset":0,"count":14820,"componentType":5125,"type":"SCALAR"},{"bufferView":32,"byteOffset":0,"count":1986,"componentType":5126,"type":"VEC3","min":[0.59014183282852173,0.022125601768493652,1.8534798622131348],"max":[0.73843109607696533,0.19724869728088379,2.0377142429351807]},{"bufferView":33,"byteOffset":0,"count":11904,"componentType":5125,"type":"SCALAR"},{"bufferView":34,"byteOffset":0,"count":328,"componentType":5126,"type":"VEC3","min":[-0.26854193210601807,0.3671109676361084,1.3196848630905151],"max":[0.2087327241897583,0.94734728336334229,1.3506040573120117]},{"bufferView":35,"byteOffset":0,"count":1956,"componentType":5125,"type":"SCALAR"},{"bufferView":36,"byteOffset":0,"count":328,"componentType":5126,"type":"VEC3","min":[-0.26635861396789551,0.36097121238708496,1.3677375316619873],"max":[0.21091604232788086,0.94120752811431885,1.3986566066741943]},{"bufferView":37,"byteOffset":0,"count":1956,"componentType":5125,"type":"SCALAR"},{"bufferView":38,"byteOffset":0,"count":328,"componentType":5126,"type":"VEC3","min":[-0.26117610931396484,0.35716211795806885,1.4132568836212158],"max":[0.20654976367950439,0.94485676288604736,1.4439436197280884]},{"bufferView":39,"byteOffset":0,"count":1956,"componentType":5125,"type":"SCALAR"},{"bufferView":40,"byteOffset":0,"count":328,"componentType":5126,"type":"VEC3","min":[-0.16861903667449951,0.36219394207000732,1.4796535968780518],"max":[0.21226060390472412,0.82324612140655518,1.5441931486129761]},{"bufferView":41,"byteOffset":0,"count":1956,"componentType":5125,"type":"SCALAR"},{"bufferView":42,"byteOffset":0,"count":3608,"componentType":5126,"type":"VEC3","min":[-0.36366450786590576,0.290663480758667,1.21512770652771],"max":[0.22852134704589844,1.0014187097549438,1.608004093170166]},{"bufferView":43,"byteOffset":0,"count":21636,"componentType":5125,"type":"SCALAR"},{"bufferView":44,"byteOffset":0,"count":328,"componentType":5126,"type":"VEC3","min":[0.28569042682647705,-0.44536232948303223,1.0901709794998169],"max":[0.32972860336303711,-0.40291792154312134,1.2604653835296631]},{"bufferView":45,"byteOffset":0,"count":1956,"componentType":5125,"type":"SCALAR"},{"bufferView":46,"byteOffset":0,"count":328,"componentType":5126,"type":"VEC3","min":[0.29658639430999756,-0.4420928955078125,1.3251214027404785],"max":[0.34062457084655762,-0.39964848756790161,1.4954158067703247]},{"bufferView":47,"byteOffset":0,"count":1956,"componentType":5125,"type":"SCALAR"},{"bufferView":48,"byteOffset":0,"count":328,"componentType":5126,"type":"VEC3","min":[-0.027486085891723633,-0.15765130519866943,1.7104206085205078],"max":[0.17700564861297607,0.099982261657714844,1.8131587505340576]},{"bufferView":49,"byteOffset":0,"count":1956,"componentType":5125,"type":"SCALAR"},{"bufferView":50,"byteOffset":0,"count":3608,"componentType":5126,"type":"VEC3","min":[-0.28570282459259033,-0.42294681072235107,2.384185791015625E-7],"max":[0.32031762599945068,0.33155167102813721,1.8225220441818237]},{"bufferView":51,"byteOffset":0,"count":21636,"componentType":5125,"type":"SCALAR"},{"bufferView":52,"byteOffset":0,"count":3608,"componentType":5126,"type":"VEC3","min":[-0.26175785064697266,-0.38416790962219238,0.10629093647003174],"max":[0.2955852746963501,0.3062591552734375,1.7788923978805542]},{"bufferView":53,"byteOffset":0,"count":21636,"componentType":5125,"type":"SCALAR"},{"bufferView":54,"byteOffset":0,"count":130,"componentType":5126,"type":"VEC3","min":[1.0663447380065918,-0.11812686920166016,1.5806750059127808],"max":[1.1890578269958496,0.015722393989562988,1.7071359157562256]},{"bufferView":55,"byteOffset":0,"count":768,"componentType":5125,"type":"SCALAR"},{"bufferView":56,"byteOffset":0,"count":130,"componentType":5126,"type":"VEC3","min":[1.1294333934783936,-0.19236814975738525,1.5758633613586426],"max":[1.2521464824676514,-0.058518886566162109,1.7023242712020874]},{"bufferView":57,"byteOffset":0,"count":768,"componentType":5125,"type":"SCALAR"},{"bufferView":58,"byteOffset":0,"count":258,"componentType":5126,"type":"VEC3","min":[-0.12527382373809814,-0.22780340909957886,0.68211889266967773],"max":[0.22141396999359131,0.19552838802337646,1.1529061794281006]},{"bufferView":59,"byteOffset":0,"count":1536,"componentType":5125,"type":"SCALAR"},{"bufferView":60,"byteOffset":0,"count":130,"componentType":5126,"type":"VEC3","min":[0.0725855827331543,0.44362854957580566,0.38115739822387695],"max":[0.18979418277740479,0.57053232192993164,0.5055229663848877]},{"bufferView":61,"byteOffset":0,"count":768,"componentType":5125,"type":"SCALAR"},{"bufferView":62,"byteOffset":0,"count":4034,"componentType":5126,"type":"VEC3","min":[-1.3825510740280151,0.98320496082305908,0.8097190260887146],"max":[-0.992770791053772,1.3729852437973022,1.1996551752090454]},{"bufferView":63,"byteOffset":0,"count":4034,"componentType":5126,"type":"VEC2"},{"bufferView":64,"byteOffset":0,"count":24192,"componentType":5125,"type":"SCALAR"},{"bufferView":65,"byteOffset":0,"count":4034,"componentType":5126,"type":"VEC3","min":[-1.7388421297073364,1.0916851758956909,0.81363815069198608],"max":[-1.0592252016067505,1.7713018655776978,1.4935269355773926]},{"bufferView":66,"byteOffset":0,"count":4034,"componentType":5126,"type":"VEC2"},{"bufferView":67,"byteOffset":0,"count":24192,"componentType":5125,"type":"SCALAR"},{"bufferView":68,"byteOffset":0,"count":4034,"componentType":5126,"type":"VEC3","min":[-2.1249995231628418,1.2520381212234497,0.82297348976135254],"max":[-1.2055176496505737,2.1715197563171387,1.7428228855133057]},{"bufferView":69,"byteOffset":0,"count":4034,"componentType":5126,"type":"VEC2"},{"bufferView":70,"byteOffset":0,"count":24192,"componentType":5125,"type":"SCALAR"},{"bufferView":71,"byteOffset":0,"count":4034,"componentType":5126,"type":"VEC3","min":[-2.156517505645752,1.8686171770095825,0.8524964451789856],"max":[-1.6068269014358521,2.4183073043823242,1.4024064540863037]},{"bufferView":72,"byteOffset":0,"count":4034,"componentType":5126,"type":"VEC2"},{"bufferView":73,"byteOffset":0,"count":24192,"componentType":5125,"type":"SCALAR"},{"bufferView":74,"byteOffset":0,"count":4034,"componentType":5126,"type":"VEC3","min":[-0.48374199867248535,-0.3293536901473999,2.5482873916625977],"max":[-0.093961715698242188,0.06042635440826416,2.9382236003875732]},{"bufferView":75,"byteOffset":0,"count":4034,"componentType":5126,"type":"VEC2"},{"bufferView":76,"byteOffset":0,"count":24192,"componentType":5125,"type":"SCALAR"},{"bufferView":77,"byteOffset":0,"count":4034,"componentType":5126,"type":"VEC3","min":[-0.84003317356109619,-0.22087353467941284,2.5522065162658691],"max":[-0.1604163646697998,0.45874309539794922,3.2320952415466309]},{"bufferView":78,"byteOffset":0,"count":4034,"componentType":5126,"type":"VEC2"},{"bufferView":79,"byteOffset":0,"count":24192,"componentType":5125,"type":"SCALAR"},{"bufferView":80,"byteOffset":0,"count":4034,"componentType":5126,"type":"VEC3","min":[-1.226190447807312,-0.060520648956298828,2.56154203414917],"max":[-0.3067086935043335,0.858960747718811,3.4813916683197021]},{"bufferView":81,"byteOffset":0,"count":4034,"componentType":5126,"type":"VEC2"},{"bufferView":82,"byteOffset":0,"count":24192,"componentType":5125,"type":"SCALAR"},{"bufferView":83,"byteOffset":0,"count":4034,"componentType":5126,"type":"VEC3","min":[-1.2577084302902222,0.55605852603912354,2.5910649299621582],"max":[-0.70801842212677,1.1057485342025757,3.140974760055542]},{"bufferView":84,"byteOffset":0,"count":4034,"componentType":5126,"type":"VEC2"},{"bufferView":85,"byteOffset":0,"count":24192,"componentType":5125,"type":"SCALAR"},{"bufferView":86,"byteOffset":0,"count":4034,"componentType":5126,"type":"VEC3","min":[1.766685962677002,-2.418339729309082,1.1345230340957642],"max":[2.1564662456512451,-2.0285594463348389,1.5244591236114502]},{"bufferView":87,"byteOffset":0,"count":4034,"componentType":5126,"type":"VEC2"},{"bufferView":88,"byteOffset":0,"count":24192,"componentType":5125,"type":"SCALAR"},{"bufferView":89,"byteOffset":0,"count":4034,"componentType":5126,"type":"VEC3","min":[1.4103949069976807,-2.3098592758178711,1.1384421586990356],"max":[2.0900118350982666,-1.6302427053451538,1.8183307647705078]},{"bufferView":90,"byteOffset":0,"count":4034,"componentType":5126,"type":"VEC2"},{"bufferView":91,"byteOffset":0,"count":24192,"componentType":5125,"type":"SCALAR"},{"bufferView":92,"byteOffset":0,"count":4034,"componentType":5126,"type":"VEC3","min":[1.0242375135421753,-2.1495065689086914,1.1477775573730469],"max":[1.9437192678451538,-1.230025053024292,2.067626953125]},{"bufferView":93,"byteOffset":0,"count":4034,"componentType":5126,"type":"VEC2"},{"bufferView":94,"byteOffset":0,"count":24192,"componentType":5125,"type":"SCALAR"},{"bufferView":95,"byteOffset":0,"count":4034,"componentType":5126,"type":"VEC3","min":[0.99271947145462036,-1.532927393913269,1.1773004531860352],"max":[1.5424096584320068,-0.98323738574981689,1.7272104024887085]},{"bufferView":96,"byteOffset":0,"count":4034,"componentType":5126,"type":"VEC2"},{"bufferView":97,"byteOffset":0,"count":24192,"componentType":5125,"type":"SCALAR"},{"bufferView":98,"byteOffset":0,"count":130,"componentType":5126,"type":"VEC3","min":[1.2392878532409668,-0.57459741830825806,0.56346273422241211],"max":[1.3880448341369629,-0.41352987289428711,0.72401463985443115]},{"bufferView":99,"byteOffset":0,"count":768,"componentType":5125,"type":"SCALAR"},{"bufferView":100,"byteOffset":0,"count":130,"componentType":5126,"type":"VEC3","min":[1.2525204420089722,-0.57731658220291138,0.92552900314331055],"max":[1.4012774229049683,-0.41624903678894043,1.08608078956604]},{"bufferView":101,"byteOffset":0,"count":768,"componentType":5125,"type":"SCALAR"},{"bufferView":102,"byteOffset":0,"count":258,"componentType":5126,"type":"VEC3","min":[0.589780330657959,0.0661764144897461,2.0315918922424316],"max":[0.71652442216873169,0.19297122955322266,2.1224274635314941]},{"bufferView":103,"byteOffset":0,"count":1536,"componentType":5125,"type":"SCALAR"},{"bufferView":104,"byteOffset":0,"count":258,"componentType":5126,"type":"VEC3","min":[0.6792902946472168,-0.028309106826782227,2.03467059135437],"max":[0.8060343861579895,0.098485708236694336,2.1255064010620117]},{"bufferView":105,"byteOffset":0,"count":1536,"componentType":5125,"type":"SCALAR"},{"bufferView":106,"byteOffset":0,"count":258,"componentType":5126,"type":"VEC3","min":[0.762127697467804,-0.13055551052093506,2.0370750427246094],"max":[0.88887178897857666,-0.0037606954574584961,2.127910852432251]},{"bufferView":107,"byteOffset":0,"count":1536,"componentType":5125,"type":"SCALAR"},{"bufferView":108,"byteOffset":0,"count":258,"componentType":5126,"type":"VEC3","min":[0.84060686826705933,-0.23963451385498047,2.0358853340148926],"max":[0.96735101938247681,-0.11283969879150391,2.1267209053039551]},{"bufferView":109,"byteOffset":0,"count":1536,"componentType":5125,"type":"SCALAR"}],"materials":[{"pbrMetallicRoughness":{"baseColorFactor":[1,1,1,1],"metallicFactor":0,"roughnessFactor":1,"baseColorTexture":{"index":0,"texCoord":0}},"alphaMode":"OPAQUE"}],"textures":[{"source":0,"sampler":0}],"images":[{"uri":"bltissue.jpg"}],"samplers":[{"magFilter":9729,"wrapS":10497,"wrapT":10497}],"bufferViews":[{"buffer":0,"byteOffset":0,"byteLength":3936,"byteStride":12,"target":34962},{"buffer":0,"byteOffset":3936,"byteLength":7824,"target":34963},{"buffer":0,"byteOffset":11760,"byteLength":2952,"byteStride":12,"target":34962},{"buffer":0,"byteOffset":14712,"byteLength":5856,"target":34963},{"buffer":0,"byteOffset":20568,"byteLength":792,"byteStride":12,"target":34962},{"buffer":0,"byteOffset":21360,"byteLength":1536,"target":34963},{"buffer":0,"byteOffset":22896,"byteLength":792,"byteStride":12,"target":34962},{"buffer":0,"byteOffset":23688,"byteLength":1536,"target":34963},{"buffer":0,"byteOffset":25224,"byteLength":23832,"byteStride":12,"target":34962},{"buffer":0,"byteOffset":49056,"byteLength":47616,"target":34963},{"buffer":0,"byteOffset":96672,"byteLength":43296,"byteStride":12,"target":34962},{"buffer":0,"byteOffset":139968,"byteLength":86544,"target":34963},{"buffer":0,"byteOffset":226512,"byteLength":32472,"byteStride":12,"target":34962},{"buffer":0,"byteOffset":258984,"byteLength":64896,"target":34963},{"buffer":0,"byteOffset":323880,"byteLength":43296,"byteStride":12,"target":34962},{"buffer":0,"byteOffset":367176,"byteLength":86544,"target":34963},{"buffer":0,"byteOffset":453720,"byteLength":37152,"byteStride":12,"target":34962},{"buffer":0,"byteOffset":490872,"byteLength":74256,"target":34963},{"buffer":0,"byteOffset":565128,"byteLength":3936,"byteStride":12,"target":34962},{"buffer":0,"byteOffset":569064,"byteLength":7824,"target":34963},{"buffer":0,"byteOffset":576888,"byteLength":26112,"byteStride":12,"target":34962},{"buffer":0,"byteOffset":603000,"byteLength":52176,"target":34963},{"buffer":0,"byteOffset":655176,"byteLength":3936,"byteStride":12,"target":34962},{"buffer":0,"byteOffset":659112,"byteLength":7824,"target":34963},{"buffer":0,"byteOffset":666936,"byteLength":3936,"byteStride":12,"target":34962},{"buffer":0,"byteOffset":670872,"byteLength":7824,"target":34963},{"buffer":0,"byteOffset":678696,"byteLength":26112,"byteStride":12,"target":34962},{"buffer":0,"byteOffset":704808,"byteLength":52176,"target":34963},{"buffer":0,"byteOffset":756984,"byteLength":43296,"byteStride":12,"target":34962},{"buffer":0,"byteOffset":800280,"byteLength":86544,"target":34963},{"buffer":0,"byteOffset":886824,"byteLength":29664,"byteStride":12,"target":34962},{"buffer":0,"byteOffset":916488,"byteLength":59280,"target":34963},{"buffer":0,"byteOffset":975768,"byteLength":23832,"byteStride":12,"target":34962},{"buffer":0,"byteOffset":999600,"byteLength":47616,"target":34963},{"buffer":0,"byteOffset":1047216,"byteLength":3936,"byteStride":12,"target":34962},{"buffer":0,"byteOffset":1051152,"byteLength":7824,"target":34963},{"buffer":0,"byteOffset":1058976,"byteLength":3936,"byteStride":12,"target":34962},{"buffer":0,"byteOffset":1062912,"byteLength":7824,"target":34963},{"buffer":0,"byteOffset":1070736,"byteLength":3936,"byteStride":12,"target":34962},{"buffer":0,"byteOffset":1074672,"byteLength":7824,"target":34963},{"buffer":0,"byteOffset":1082496,"byteLength":3936,"byteStride":12,"target":34962},{"buffer":0,"byteOffset":1086432,"byteLength":7824,"target":34963},{"buffer":0,"byteOffset":1094256,"byteLength":43296,"byteStride":12,"target":34962},{"buffer":0,"byteOffset":1137552,"byteLength":86544,"target":34963},{"buffer":0,"byteOffset":1224096,"byteLength":3936,"byteStride":12,"target":34962},{"buffer":0,"byteOffset":1228032,"byteLength":7824,"target":34963},{"buffer":0,"byteOffset":1235856,"byteLength":3936,"byteStride":12,"target":34962},{"buffer":0,"byteOffset":1239792,"byteLength":7824,"target":34963},{"buffer":0,"byteOffset":1247616,"byteLength":3936,"byteStride":12,"target":34962},{"buffer":0,"byteOffset":1251552,"byteLength":7824,"target":34963},{"buffer":0,"byteOffset":1259376,"byteLength":43296,"byteStride":12,"target":34962},{"buffer":0,"byteOffset":1302672,"byteLength":86544,"target":34963},{"buffer":0,"byteOffset":1389216,"byteLength":43296,"byteStride":12,"target":34962},{"buffer":0,"byteOffset":1432512,"byteLength":86544,"target":34963},{"buffer":0,"byteOffset":1519056,"byteLength":1560,"byteStride":12,"target":34962},{"buffer":0,"byteOffset":1520616,"byteLength":3072,"target":34963},{"buffer":0,"byteOffset":1523688,"byteLength":1560,"byteStride":12,"target":34962},{"buffer":0,"byteOffset":1525248,"byteLength":3072,"target":34963},{"buffer":0,"byteOffset":1528320,"byteLength":3096,"byteStride":12,"target":34962},{"buffer":0,"byteOffset":1531416,"byteLength":6144,"target":34963},{"buffer":0,"byteOffset":1537560,"byteLength":1560,"byteStride":12,"target":34962},{"buffer":0,"byteOffset":1539120,"byteLength":3072,"target":34963},{"buffer":0,"byteOffset":1542192,"byteLength":48408,"byteStride":12,"target":34962},{"buffer":0,"byteOffset":1590600,"byteLength":32272,"byteStride":8,"target":34962},{"buffer":0,"byteOffset":1622872,"byteLength":96768,"target":34963},{"buffer":0,"byteOffset":1719640,"byteLength":48408,"byteStride":12,"target":34962},{"buffer":0,"byteOffset":1768048,"byteLength":32272,"byteStride":8,"target":34962},{"buffer":0,"byteOffset":1800320,"byteLength":96768,"target":34963},{"buffer":0,"byteOffset":1897088,"byteLength":48408,"byteStride":12,"target":34962},{"buffer":0,"byteOffset":1945496,"byteLength":32272,"byteStride":8,"target":34962},{"buffer":0,"byteOffset":1977768,"byteLength":96768,"target":34963},{"buffer":0,"byteOffset":2074536,"byteLength":48408,"byteStride":12,"target":34962},{"buffer":0,"byteOffset":2122944,"byteLength":32272,"byteStride":8,"target":34962},{"buffer":0,"byteOffset":2155216,"byteLength":96768,"target":34963},{"buffer":0,"byteOffset":2251984,"byteLength":48408,"byteStride":12,"target":34962},{"buffer":0,"byteOffset":2300392,"byteLength":32272,"byteStride":8,"target":34962},{"buffer":0,"byteOffset":2332664,"byteLength":96768,"target":34963},{"buffer":0,"byteOffset":2429432,"byteLength":48408,"byteStride":12,"target":34962},{"buffer":0,"byteOffset":2477840,"byteLength":32272,"byteStride":8,"target":34962},