{"asset":{"generator":"3D Builder","version":"2.0"},"scene":0,"scenes":[{"nodes":[0,1,4,5,6,7,8,9,10]}],"nodes":[{"mesh":0,"matrix":[1,0,0,0,0,-1.1920928955078125E-7,-0.99999988079071045,0,0,0.15378932654857635,-1.8333118134705728E-8,0,-0.0325424000620842,0.0090000033378601074,0.025016993284225464,1]},{"children":[2,3]},{"mesh":1,"matrix":[1,0,0,0,0,-1.1920928955078125E-7,-0.99999988079071045,0,0,0.15378932654857635,-1.8333118134705728E-8,0,-0.030628731474280357,0.0090000070631504059,0.054067052900791168,1]},{"mesh":2,"matrix":[1,0,0,0,0,-1.1920928955078125E-7,-0.99999988079071045,0,0,0.15378932654857635,-1.8333118134705728E-8,0,-0.030628731474280357,0.0090000070631504059,0.054067052900791168,1]},{"mesh":3,"matrix":[1,0,0,0,0,-1.1920928955078125E-7,-0.99999988079071045,0,0,0.15378932654857635,-1.8333118134705728E-8,0,0.090813688933849335,0.0090000014752149582,0.025143992155790329,1]},{"mesh":4,"matrix":[1,0,0,0,0,-1.1920928955078125E-7,-0.99999988079071045,0,0,0.15378932654857635,-1.8333118134705728E-8,0,0.090813688933849335,0.0090000070631504059,0.051146060228347778,1]},{"mesh":5,"matrix":[1,0,0,0,0,-1.1920928955078125E-7,-0.99999988079071045,0,0,0.15378932654857635,-1.8333118134705728E-8,0,0.11778568476438522,0.009000004269182682,0.029581174254417419,1]},{"mesh":6,"matrix":[1,0,0,0,0,-1.1920928955078125E-7,-0.99999988079071045,0,0,0.15378932654857635,-1.8333118134705728E-8,0,-0.0017553978832438588,0.0090000024065375328,0.026025174185633659,1]},{"mesh":7,"matrix":[1,0,0,0,0,-1.1920928955078125E-7,-0.99999988079071045,0,0,0.15378932654857635,-1.8333118134705728E-8,0,0,0.0090000052005052567,0.05013006180524826,1]},{"mesh":8,"matrix":[1,0,0,0,0,-1.1920928955078125E-7,-0.99999988079071045,0,0,0.15378932654857635,-1.8333118134705728E-8,0,0.11702369153499603,0.0090000061318278313,0.051146071404218674,1]},{"children":[11,12,13,14,15,16,17,18,19,20,21,22,23,24]},{"mesh":9,"matrix":[1,0,0,0,0,0.52175372838974,-0.85309427976608276,0,0,0.85309469699859619,0.52175378799438477,0,0,0.011913196183741093,-0.0087285321205854416,1]},{"mesh":10,"matrix":[1,0,0,0,0,0.52175372838974,-0.85309427976608276,0,0,0.85309469699859619,0.52175378799438477,0,0,0.011913196183741093,-0.0087285321205854416,1]},{"mesh":11,"matrix":[1,0,0,0,0,0.52175372838974,-0.85309427976608276,0,0,0.85309469699859619,0.52175378799438477,0,0,0.011913196183741093,-0.0087285321205854416,1]},{"mesh":12,"matrix":[1,0,0,0,0,0.52175372838974,-0.85309427976608276,0,0,0.85309469699859619,0.52175378799438477,0,0,0.011913196183741093,-0.0087285321205854416,1]},{"mesh":13,"matrix":[1,0,0,0,0,0.52175372838974,-0.85309427976608276,0,0,0.85309469699859619,0.52175378799438477,0,0,0.011913196183741093,-0.0087285321205854416,1]},{"mesh":14,"matrix":[1,0,0,0,0,0.52175372838974,-0.85309427976608276,0,0,0.85309469699859619,0.52175378799438477,0,0,0.011913196183741093,-0.0087285321205854416,1]},{"mesh":15,"matrix":[1,0,0,0,0,0.52175372838974,-0.85309427976608276,0,0,0.85309469699859619,0.52175378799438477,0,0,0.011913196183741093,-0.0087285321205854416,1]},{"mesh":16,"matrix":[1,0,0,0,0,0.52175372838974,-0.85309427976608276,0,0,0.85309469699859619,0.52175378799438477,0,0,0.011913196183741093,-0.0087285321205854416,1]},{"mesh":17,"matrix":[1,0,0,0,0,0.52175372838974,-0.85309427976608276,0,0,0.85309469699859619,0.52175378799438477,0,0,0.011913196183741093,-0.0087285321205854416,1]},{"mesh":18,"matrix":[1,0,0,0,0,0.52175372838974,-0.85309427976608276,0,0,0.85309469699859619,0.52175378799438477,0,0,0.011913196183741093,-0.0087285321205854416,1]},{"mesh":19,"matrix":[1,0,0,0,0,0.52175372838974,-0.85309427976608276,0,0,0.85309469699859619,0.52175378799438477,0,0,0.011913196183741093,-0.0087285321205854416,1]},{"mesh":20,"matrix":[1,0,0,0,0,0.52175372838974,-0.85309427976608276,0,0,0.85309469699859619,0.52175378799438477,0,0,0.011913196183741093,-0.0087285321205854416,1]},{"mesh":21,"matrix":[1,0,0,0,0,0.52175372838974,-0.85309427976608276,0,0,0.85309469699859619,0.52175378799438477,0,0,0.011913196183741093,-0.0087285321205854416,1]},{"mesh":22,"matrix":[1,0,0,0,0,0.52175372838974,-0.85309427976608276,0,0,0.85309469699859619,0.52175378799438477,0,0,0.011913196183741093,-0.0087285321205854416,1]}],"meshes":[{"primitives":[{"attributes":{"POSITION":0,"TEXCOORD_0":1},"mode":4,"indices":2,"material":0}]},{"primitives":[{"attributes":{"POSITION":3,"TEXCOORD_0":4},"mode":4,"indices":5,"material":1}]},{"primitives":[{"attributes":{"POSITION":6,"TEXCOORD_0":7},"mode":4,"indices":8,"material":1}]},{"primitives":[{"attributes":{"POSITION":9,"TEXCOORD_0":10},"mode":4,"indices":11,"material":2}]},{"primitives":[{"attributes":{"POSITION":12,"TEXCOORD_0":13},"mode":4,"indices":14,"material":3}]},{"primitives":[{"attributes":{"POSITION":15,"TEXCOORD_0":16},"mode":4,"indices":17,"material":4}]},{"primitives":[{"attributes":{"POSITION":18,"TEXCOORD_0":19},"mode":4,"indices":20,"material":5}]},{"primitives":[{"attributes":{"POSITION":21,"TEXCOORD_0":22},"mode":4,"indices":23,"material":6}]},{"primitives":[{"attributes":{"POSITION":24,"TEXCOORD_0":25},"mode":4,"indices":26,"material":7}]},{"primitives":[{"attributes":{"POSITION":27,"TEXCOORD_0":28},"mode":4,"indices":29,"material":8}]},{"primitives":[{"attributes":{"POSITION":30,"TEXCOORD_0":31},"mode":4,"indices":32,"material":8}]},{"primitives":[{"attributes":{"POSITION":33,"TEXCOORD_0":34},"mode":4,"indices":35,"material":8}]},{"primitives":[{"attributes":{"POSITION":36,"TEXCOORD_0":37},"mode":4,"indices":38,"material":8}]},{"primitives":[{"attributes":{"POSITION":39,"TEXCOORD_0":40},"mode":4,"indices":41,"material":8}]},{"primitives":[{"attributes":{"POSITION":42,"TEXCOORD_0":43},"mode":4,"indices":44,"material":8}]},{"primitives":[{"attributes":{"POSITION":45,"TEXCOORD_0":46},"mode":4,"indices":47,"material":8}]},{"primitives":[{"attributes":{"POSITION":48,"TEXCOORD_0":49},"mode":4,"indices":50,"material":8}]},{"primitives":[{"attributes":{"POSITION":51,"TEXCOORD_0":52},"mode":4,"indices":53,"material":8}]},{"primitives":[{"attributes":{"POSITION":54,"TEXCOORD_0":55},"mode":4,"indices":56,"material":8}]},{"primitives":[{"attributes":{"POSITION":57,"TEXCOORD_0":58},"mode":4,"indices":59,"material":8}]},{"primitives":[{"attributes":{"POSITION":60,"TEXCOORD_0":61},"mode":4,"indices":62,"material":8}]},{"primitives":[{"attributes":{"POSITION":63,"TEXCOORD_0":64},"mode":4,"indices":65,"material":8}]},{"primitives":[{"attributes":{"POSITION":66,"TEXCOORD_0":67},"mode":4,"indices":68,"material":8}]}],"materials":[{"pbrMetallicRoughness":{"baseColorFactor":[1,1,1,1],"metallicFactor":0,"roughnessFactor":1,"baseColorTexture":{"index":0,"texCoord":0}},"alphaMode":"OPAQUE"},{"pbrMetallicRoughness":{"baseColorFactor":[1,1,1,1],"metallicFactor":0,"roughnessFactor":1,"baseColorTexture":{"index":1,"texCoord":0}},"alphaMode":"OPAQUE"},{"pbrMetallicRoughness":{"baseColorFactor":[1,1,1,1],"metallicFactor":0,"roughnessFactor":1,"baseColorTexture":{"index":2,"texCoord":0}},"alphaMode":"OPAQUE"},{"pbrMetallicRoughness":{"baseColorFactor":[1,1,1,1],"metallicFactor":0,"roughnessFactor":1,"baseColorTexture":{"index":3,"texCoord":0}},"alphaMode":"OPAQUE"},{"pbrMetallicRoughness":{"baseColorFactor":[1,1,1,1],"metallicFactor":0,"roughnessFactor":1,"baseColorTexture":{"index":4,"texCoord":0}},"alphaMode":"OPAQUE"},{"pbrMetallicRoughness":{"baseColorFactor":[1,1,1,1],"metallicFactor":0,"roughnessFactor":1,"baseColorTexture":{"index":5,"texCoord":0}},"alphaMode":"OPAQUE"},{"pbrMetallicRoughness":{"baseColorFactor":[1,1,1,1],"metallicFactor":0,"roughnessFactor":1,"baseColorTexture":{"index":6,"texCoord":0}},"alphaMode":"OPAQUE"},{"pbrMetallicRoughness":{"baseColorFactor":[1,1,1,1],"metallicFactor":0,"roughnessFactor":1,"baseColorTexture":{"index":7,"texCoord":0}},"alphaMode":"OPAQUE"},{"pbrMetallicRoughness":{"baseColorFactor":[1,1,1,1],"metallicFactor":0,"roughnessFactor":1,"baseColorTexture":{"index":8,"texCoord":0}},"alphaMode":"OPAQUE"}],"textures":[{"source":0,"sampler":0},{"source":1,"sampler":0},{"source":2,"sampler":0},{"source":3,"sampler":0},{"source":4,"sampler":0},{"source":5,"sampler":0},{"source":6,"sampler":0},{"source":7,"sampler":0},{"source":8,"sampler":0}],"images":[{"uri":"5.png"},{"uri":"8.png"},{"uri":"7.png"},{"uri":"11.png"},{"uri":"6.01.png"},{"uri":"4.01.png"},{"uri":"9.png"},{"uri":"10.png"},{"uri":"1.png"}],"samplers":[{"magFilter":9729,"wrapS":10497,"wrapT":10497}],"accessors":[{"bufferView":0,"byteOffset":0,"count":296,"componentType":5126,"type":"VEC3","min":[0,0,0],"max":[0.019557999446988106,0.01803399994969368,0.01300480030477047]},{"bufferView":1,"byteOffset":0,"count":296,"componentType":5126,"type":"VEC2"},{"bufferView":2,"byteOffset":0,"count":2304,"componentType":5125,"type":"SCALAR"},{"bufferView":3,"byteOffset":0,"count":200,"componentType":5126,"type":"VEC3","min":[0,0.0010159999364987016,0],"max":[0.01803399994969368,0.019303999841213226,0.01300480030477047]},{"bufferView":4,"byteOffset":0,"count":200,"componentType":5126,"type":"VEC2"},{"bufferView":5,"byteOffset":0,"count":1320,"componentType":5125,"type":"SCALAR"},{"bufferView":6,"byteOffset":0,"count":42,"componentType":5126,"type":"VEC3","min":[0.013207999058067799,0,0],"max":[0.019303999841213226,0.0093980003148317337,0.01300480030477047]},{"bufferView":7,"byteOffset":0,"count":42,"componentType":5126,"type":"VEC2"},{"bufferView":8,"byteOffset":0,"count":252,"componentType":5125,"type":"SCALAR"},{"bufferView":9,"byteOffset":0,"count":34,"componentType":5126,"type":"VEC3","min":[0,0,0],"max":[0.018287999555468559,0.018287999555468559,0.01300480030477047]},{"bufferView":10,"byteOffset":0,"count":34,"componentType":5126,"type":"VEC2"},{"bufferView":11,"byteOffset":0,"count":192,"componentType":5125,"type":"SCALAR"},{"bufferView":12,"byteOffset":0,"count":66,"componentType":5126,"type":"VEC3","min":[0,0,0],"max":[0.017525998875498772,0.017525998875498772,0.01300480030477047]},{"bufferView":13,"byteOffset":0,"count":66,"componentType":5126,"type":"VEC2"},{"bufferView":14,"byteOffset":0,"count":408,"componentType":5125,"type":"SCALAR"},{"bufferView":15,"byteOffset":0,"count":18,"componentType":5126,"type":"VEC3","min":[0,0,0],"max":[0.039877999573946,0.025145998224616051,0.01300480030477047]},{"bufferView":16,"byteOffset":0,"count":18,"componentType":5126,"type":"VEC2"},{"bufferView":17,"byteOffset":0,"count":96,"componentType":5125,"type":"SCALAR"},{"bufferView":18,"byteOffset":0,"count":26,"componentType":5126,"type":"VEC3","min":[0,0,0],"max":[0.076962001621723175,0.01803399994969368,0.01300480030477047]},{"bufferView":19,"byteOffset":0,"count":26,"componentType":5126,"type":"VEC2"},{"bufferView":20,"byteOffset":0,"count":144,"componentType":5125,"type":"SCALAR"},{"bufferView":21,"byteOffset":0,"count":26,"componentType":5126,"type":"VEC3","min":[0,0,0],"max":[0.057149998843669891,0.015494000166654587,0.01300480030477047]},{"bufferView":22,"byteOffset":0,"count":26,"componentType":5126,"type":"VEC2"},{"bufferView":23,"byteOffset":0,"count":144,"componentType":5125,"type":"SCALAR"},{"bufferView":24,"byteOffset":0,"count":26,"componentType":5126,"type":"VEC3","min":[0,0,0],"max":[0.057149998843669891,0.015494000166654587,0.01300480030477047]},{"bufferView":25,"byteOffset":0,"count":26,"componentType":5126,"type":"VEC2"},{"bufferView":26,"byteOffset":0,"count":144,"componentType":5125,"type":"SCALAR"},{"bufferView":27,"byteOffset":0,"count":364,"componentType":5126,"type":"VEC3","min":[0,0,0],"max":[0.12242799252271652,0.07264399528503418,0.01300480030477047]},{"bufferView":28,"byteOffset":0,"count":364,"componentType":5126,"type":"VEC2"},{"bufferView":29,"byteOffset":0,"count":2436,"componentType":5125,"type":"SCALAR"},{"bufferView":30,"byteOffset":0,"count":10,"componentType":5126,"type":"VEC3","min":[0.10007599741220474,0.03251199796795845,0],"max":[0.10109199583530426,0.033527996391057968,0.01300480030477047]},{"bufferView":31,"byteOffset":0,"count":10,"componentType":5126,"type":"VEC2"},{"bufferView":32,"byteOffset":0,"count":48,"componentType":5125,"type":"SCALAR"},{"bufferView":33,"byteOffset":0,"count":12,"componentType":5126,"type":"VEC3","min":[0.097535997629165649,0.03225800022482872,0],"max":[0.0988059937953949,0.033781997859478,0.01300480030477047]},{"bufferView":34,"byteOffset":0,"count":12,"componentType":5126,"type":"VEC2"},{"bufferView":35,"byteOffset":0,"count":60,"componentType":5125,"type":"SCALAR"},{"bufferView":36,"byteOffset":0,"count":40,"componentType":5126,"type":"VEC3","min":[0.012445999309420586,0.037337996065616608,0],"max":[0.022351998835802078,0.05054599791765213,0.01300480030477047]},{"bufferView":37,"byteOffset":0,"count":40,"componentType":5126,"type":"VEC2"},{"bufferView":38,"byteOffset":0,"count":240,"componentType":5125,"type":"SCALAR"},{"bufferView":39,"byteOffset":0,"count":58,"componentType":5126,"type":"VEC3","min":[0.022859999909996986,0.037337996065616608,0],"max":[0.034035995602607727,0.05054599791765213,0.01300480030477047]},{"bufferView":40,"byteOffset":0,"count":58,"componentType":5126,"type":"VEC2"},{"bufferView":41,"byteOffset":0,"count":348,"componentType":5125,"type":"SCALAR"},{"bufferView":42,"byteOffset":0,"count":56,"componentType":5126,"type":"VEC3","min":[0.034798000007867813,0.037337996065616608,0],"max":[0.044449999928474426,0.05054599791765213,0.01300480030477047]},{"bufferView":43,"byteOffset":0,"count":56,"componentType":5126,"type":"VEC2"},{"bufferView":44,"byteOffset":0,"count":348,"componentType":5125,"type":"SCALAR"},{"bufferView":45,"byteOffset":0,"count":16,"componentType":5126,"type":"VEC3","min":[0.044957999140024185,0.03225800022482872,0],"max":[0.048767998814582825,0.034035995602607727,0.01300480030477047]},{"bufferView":46,"byteOffset":0,"count":16,"componentType":5126,"type":"VEC2"},{"bufferView":47,"byteOffset":0,"count":84,"componentType":5125,"type":"SCALAR"},{"bufferView":48,"byteOffset":0,"count":10,"componentType":5126,"type":"VEC3","min":[0.041910000145435333,0.03251199796795845,0],"max":[0.042925998568534851,0.033527996391057968,0.01300480030477047]},{"bufferView":49,"byteOffset":0,"count":10,"componentType":5126,"type":"VEC2"},{"bufferView":50,"byteOffset":0,"count":48,"componentType":5125,"type":"SCALAR"},{"bufferView":51,"byteOffset":0,"count":48,"componentType":5126,"type":"VEC3","min":[0.012191999703645706,0.023367999121546745,0],"max":[0.018287999555468559,0.030988000333309174,0.01300480030477047]},{"bufferView":52,"byteOffset":0,"count":48,"componentType":5126,"type":"VEC2"},{"bufferView":53,"byteOffset":0,"count":288,"componentType":5125,"type":"SCALAR"},{"bufferView":54,"byteOffset":0,"count":52,"componentType":5126,"type":"VEC3","min":[0.021081998944282532,0.023367999121546745,0],"max":[0.027177998796105385,0.030988000333309174,0.01300480030477047]},{"bufferView":55,"byteOffset":0,"count":52,"componentType":5126,"type":"VEC2"},{"bufferView":56,"byteOffset":0,"count":312,"componentType":5125,"type":"SCALAR"},{"bufferView":57,"byteOffset":0,"count":24,"componentType":5126,"type":"VEC3","min":[0.039369996637105942,0.023367999121546745,0],"max":[0.04343399778008461,0.030733997002243996,0.01300480030477047]},{"bufferView":58,"byteOffset":0,"count":24,"componentType":5126,"type":"VEC2"},{"bufferView":59,"byteOffset":0,"count":132,"componentType":5125,"type":"SCALAR"},{"bufferView":60,"byteOffset":0,"count":22,"componentType":5126,"type":"VEC3","min":[0.037845999002456665,0.023367999121546745,0],"max":[0.041402000933885574,0.030988000333309174,0.01300480030477047]},{"bufferView":61,"byteOffset":0,"count":22,"componentType":5126,"type":"VEC2"},{"bufferView":62,"byteOffset":0,"count":120,"componentType":5125,"type":"SCALAR"},{"bufferView":63,"byteOffset":0,"count":10,"componentType":5126,"type":"VEC3","min":[0.019050000235438347,0.023367999121546745,0],"max":[0.020065998658537865,0.034035995602607727,0.01300480030477047]},{"bufferView":64,"byteOffset":0,"count":10,"componentType":5126,"type":"VEC2"},{"bufferView":65,"byteOffset":0,"count":48,"componentType":5125,"type":"SCALAR"},{"bufferView":66,"byteOffset":0,"count":54,"componentType":5126,"type":"VEC3","min":[0.027939999476075172,0.023367999121546745,0],"max":[0.037337996065616608,0.034035995602607727,0.01300480030477047]},{"bufferView":67,"byteOffset":0,"count":54,"componentType":5126,"type":"VEC2"},{"bufferView":68,"byteOffset":0,"count":312,"componentType":5125,"type":"SCALAR"}],"bufferViews":[{"buffer":0,"byteOffset":0,"byteLength":3552,"byteStride":12,"target":34962},{"buffer":0,"byteOffset":3552,"byteLength":2368,"byteStride":8,"target":34962},{"buffer":0,"byteOffset":5920,"byteLength":9216,"target":34963},{"buffer":0,"byteOffset":15136,"byteLength":2400,"byteStride":12,"target":34962},{"buffer":0,"byteOffset":17536,"byteLength":1600,"byteStride":8,"target":34962},{"buffer":0,"byteOffset":19136,"byteLength":5280,"target":34963},{"buffer":0,"byteOffset":24416,"byteLength":504,"byteStride":12,"target":34962},{"buffer":0,"byteOffset":24920,"byteLength":336,"byteStride":8,"target":34962},{"buffer":0,"byteOffset":25256,"byteLength":1008,"target":34963},{"buffer":0,"byteOffset":26264,"byteLength":408,"byteStride":12,"target":34962},{"buffer":0,"byteOffset":26672,"byteLength":272,"byteStride":8,"target":34962},{"buffer":0,"byteOffset":26944,"byteLength":768,"target":34963},{"buffer":0,"byteOffset":27712,"byteLength":792,"byteStride":12,"target":34962},{"buffer":0,"byteOffset":28504,"byteLength":528,"byteStride":8,"target":34962},{"buffer":0,"byteOffset":29032,"byteLength":1632,"target":34963},{"buffer":0,"byteOffset":30664,"byteLength":216,"byteStride":12,"target":34962},{"buffer":0,"byteOffset":30880,"byteLength":144,"byteStride":8,"target":34962},{"buffer":0,"byteOffset":31024,"byteLength":384,"target":34963},{"buffer":0,"byteOffset":31408,"byteLength":312,"byteStride":12,"target":34962},{"buffer":0,"byteOffset":31720,"byteLength":208,"byteStride":8,"target":34962},{"buffer":0,"byteOffset":31928,"byteLength":576,"target":34963},{"buffer":0,"byteOffset":32504,"byteLength":312,"byteStride":12,"target":34962},{"buffer":0,"byteOffset":32816,"byteLength":208,"byteStride":8,"target":34962},{"buffer":0,"byteOffset":33024,"byteLength":576,"target":34963},{"buffer":0,"byteOffset":33600,"byteLength":312,"byteStride":12,"target":34962},{"buffer":0,"byteOffset":33912,"byteLength":208,"byteStride":8,"target":34962},{"buffer":0,"byteOffset":34120,"byteLength":576,"target":34963},{"buffer":0,"byteOffset":34696,"byteLength":4368,"byteStride":12,"target":34962},{"buffer":0,"byteOffset":39064,"byteLength":2912,"byteStride":8,"target":34962},{"buffer":0,"byteOffset":41976,"byteLength":9744,"target":34963},{"buffer":0,"byteOffset":51720,"byteLength":120,"byteStride":12,"target":34962},{"buffer":0,"byteOffset":51840,"byteLength":80,"byteStride":8,"target":34962},{"buffer":0,"byteOffset":51920,"byteLength":192,"target":34963},{"buffer":0,"byteOffset":52112,"byteLength":144,"byteStride":12,"target":34962},{"buffer":0,"byteOffset":52256,"byteLength":96,"byteStride":8,"target":34962},{"buffer":0,"byteOffset":52352,"byteLength":240,"target":34963},{"buffer":0,"byteOffset":52592,"byteLength":480,"byteStride":12,"target":34962},{"buffer":0,"byteOffset":53072,"byteLength":320,"byteStride":8,"target":34962},{"buffer":0,"byteOffset":53392,"byteLength":960,"target":34963},{"buffer":0,"byteOffset":54352,"byteLength":696,"byteStride":12,"target":34962},{"buffer":0,"byteOffset":55048,"byteLength":464,"byteStride":8,"target":34962},{"buffer":0,"byteOffset":55512,"byteLength":1392,"target":34963},{"buffer":0,"byteOffset":56904,"byteLength":672,"byteStride":12,"target":34962},{"buffer":0,"byteOffset":57576,"byteLength":448,"byteStride":8,"target":34962},{"buffer":0,"byteOffset":58024,"byteLength":1392,"target":34963},{"buffer":0,"byteOffset":59416,"byteLength":192,"byteStride":12,"target":34962},{"buffer":0,"byteOffset":59608,"byteLength":128,"byteStride":8,"target":34962},{"buffer":0,"byteOffset":59736,"byteLength":336,"target":34963},{"buffer":0,"byteOffset":60072,"byteLength":120,"byteStride":12,"target":34962},{"buffer":0,"byteOffset":60192,"byteLength":80,"byteStride":8,"target":34962},{"buffer":0,"byteOffset":60272,"byteLength":192,"target":34963},{"buffer":0,"byteOffset":60464,"byteLength":576,"byteStride":12,"target":34962},{"buffer":0,"byteOffset":61040,"byteLength":384,"byteStride":8,"target":34962},{"buffer":0,"byteOffset":61424,"byteLength":1152,"target":34963},{"buffer":0,"byteOffset":62576,"byteLength":624,"byteStride":12,"target":34962},{"buffer":0,"byteOffset":63200,"byteLength":416,"byteStride":8,"target":34962},{"buffer":0,"byteOffset":63616,"byteLength":1248,"target":34963},{"buffer":0,"byteOffset":64864,"byteLength":288,"byteStride":12,"target":34962},{"buffer":0,"byteOffset":65152,"byteLength":192,"byteStride":8,"target":34962},{"buffer":0,"byteOffset":65344,"byteLength":528,"target":34963},{"buffer":0,"byteOffset":65872,"byteLength":264,"byteStride":12,"target":34962},{"buffer":0,"byteOffset":66136,"byteLength":176,"byteStride":8,"target":34962},{"buffer":0,"byteOffset":66312,"byteLength":480,"target":34963},{"buffer":0,"byteOffset":66792,"byteLength":120,"byteStride":12,"target":34962},{"buffer":0,"byteOffset":66912,"byteLength":80,"byteStride":8,"target":34962},{"buffer":0,"byteOffset":66992,"byteLength":192,"target":34963},{"buffer":0,"byteOffset":67184,"byteLength":648,"byteStride":12,"target":34962},{"buffer":0,"byteOffset":67832,"byteLength":432,"byteStride":8,"target":34962},{"buffer":0,"byteOffset":68264,"byteLength":1248,"target":34963}],"buffers":[{"byteLength":69512,"uri":"dobavitelj.bin"}]}